tess3r/inst/extdata/lowResEurope.asc
NCOLS        382
NROWS        270
XLLCENTER    -11.89167
YLLCENTER    34.10833
CELLSIZE     0.1333333
NODATA_VALUE  -32768
[rows 0 to 42 of 270, columns 192 to 287 of 382]
-2659 -2637 -2615 -2592 -2563 -2530 -2497 -2466 -2443 -2399 -2351 -2315 -2285 -2264 -2241 -2217 -2207 -2137 -2027 -1967 -1807 -977 -386 -235 -247 -254 -210 -214 -185 -106 -96 -110 -118 -121 -110 -45 -2 32 19 374 405 407 701 -1 331 312 -87 -45 135 970 68 -16 384 242 27 -3 7 233 178 619 214 -1 261 358 451 546 666 652 727 233 388 56 350 195 283 462 531 462 407 417 501 604 725 508 105 232 405 487 415 397 543 578 451 416 388 243
-2679 -2643 -2629 -2601 -2561 -2537 -2464 -2405 -2355 -2321 -2282 -2225 -2182 -2158 -2111 -2044 -1848 -1679 -1378 -933 -792 -944 -472 -272 -243 -178 -162 -185 -261 -336 -348 -229 -113 -2 -1 264 486 -1 314 165 -5 130 303 420 406 -19 157 116 700 534 -49 81 771 521 839 8 237 655 739 689 657 486 191 -1 596 550 724 594 526 502 425 411 433 506 475 349 391 417 434 414 478 463 528 467 315 264 232 277 349 318 327 379 308 181 228 375
-2699 -2680 -2640 -2605 -2540 -2484 -2328 -2206 -2313 -2284 -2199 -2169 -2116 -2021 -1749 -1409 -1012 -266 -334 -256 -114 -67 -76 -63 -63 -49 -42 -51 -48 -41 -80 -189 -5 184 94 412 554 164 42 -1 190 549 47 191 167 1 33 623 1173 171 -8 311 387 608 692 582 885 168 902 950 624 914 925 975 808 468 645 592 656 657 654 618 510 361 517 462 462 458 397 392 397 395 428 499 403 331 295 275 274 269 257 384 166 317 427 495
-2674 -2653 -2602 -2532 -2483 -2436 -2294 -2012 -1973 -1533 -1296 -1110 -953 -939 -934 -759 -322 -353 -373 -362 -330 -234 -149 -169 -173 -79 -6 -1 357 -1 391 -1 98 -11 22 -17 785 524 340 -5 103 989 855 633 353 9 686 857 780 1 835 59 1103 1012 479 830 891 820 204 724 709 950 808 756 734 645 645 674 618 744 529 572 552 497 399 307 527 450 427 418 393 448 408 408 386 369 258 290 256 307 335 143 308 339 370 422
-2621 -2547 -2414 -2182 -2041 -1817 -1618 -1307 -1054 -857 -606 -412 -316 -186 -142 -222 -259 -97 -102 -361 -301 -358 -213 -119 -3 336 272 477 199 546 400 81 42 187 92 545 -2 -3 124 205 331 -1 -1 903 207 523 532 0 623 47 253 1093 939 1018 929 783 802 890 884 698 621 268 593 766 738 727 526 477 632 740 546 461 483 386 332 479 400 340 386 400 355 323 324 353 313 264 258 331 299 336 308 318 293 279 286 275
-1861 -1791 -1571 -1163 -1074 -849 -589 -441 -293 -163 -101 -69 -69 -64 -49 -34 2 196 -30 -359 -407 -309 -199 -86 63 219 439 107 26 53 327 42 -1 53 25 93 251 101 674 672 231 118 61 111 41 868 543 124 772 797 882 1023 432 907 911 948 1002 800 885 691 830 691 512 445 455 452 537 392 442 519 556 480 453 512 305 341 370 429 440 423 429 430 376 311 402 340 357 347 293 282 203 304 298 389 311 382
-733 -491 -521 -404 -227 -198 -103 -92 -156 -185 -164 -94 -49 -58 166 12 31 -15 -238 -398 -321 -6 -69 65 300 68 18 -6 118 -1 74 550 262 461 198 258 209 187 670 585 561 212 125 832 261 422 1016 879 492 571 520 771 877 586 604 751 929 751 712 700 590 560 555 512 544 483 520 453 397 375 374 327 383 470 475 426 414 443 379 362 402 352 324 357 476 352 274 261 280 233 185 287 344 375 420 408
-113 -100 -136 -195 -215 -173 -102 -96 -83 -23 306 0 -4 269 1 221 538 -50 -116 -4 364 213 3 -10 -21 -23 -22 -40 -32 470 137 479 420 468 538 805 521 471 571 80 944 865 458 237 550 523 470 578 701 1002 639 517 562 616 483 743 684 848 786 739 709 575 535 453 446 535 519 486 426 341 366 354 428 485 462 486 450 407 424 405 387 387 367 396 350 346 363 335 274 288 207 260 240 340 270 211
-84 -81 -92 -111 -167 -163 -37 315 -1 -1 215 103 170 -5 76 260 237 -9 167 395 183 59 -8 -41 -10 102 35 167 417 450 635 251 480 491 220 273 81 1017 824 1235 628 1180 865 743 506 615 737 775 742 817 754 792 743 812 713 499 449 543 590 802 707 499 565 536 440 502 445 464 397 369 410 371 373 427 472 473 523 489 476 420 433 436 464 431 453 300 286 280 270 257 253 321 352 312 224 212
-103 -100 -83 -200 -143 -13 79 70 -1 7 7 105 233 -1 407 161 274 -1 458 388 352 44 -7 2 106 27 677 572 26 92 386 742 330 201 948 1059 567 681 664 564 769 863 1080 740 592 497 899 878 778 964 849 710 788 681 721 743 775 688 430 405 547 526 592 516 398 436 435 482 492 460 475 427 404 488 390 442 429 424 438 532 465 496 486 452 367 356 392 283 297 296 415 348 268 330 249 235
-124 -160 -157 -192 -198 -192 -120 257 290 150 -7 -17 471 330 453 307 150 525 25 2 15 89 111 344 883 475 458 318 338 80 160 722 964 851 896 655 1018 1049 1001 1082 927 695 1206 490 732 759 565 658 669 650 654 593 587 570 655 529 534 540 625 635 559 431 379 412 338 361 393 391 391 375 384 370 351 359 370 483 503 377 425 403 368 401 412 394 424 343 343 316 345 310 339 314 413 315 369 340
-185 -170 -106 -46 -26 -17 -4 130 86 602 573 223 221 22 496 212 -1 11 18 60 -1 -1 1 -3 -25 -43 -48 100 433 1064 491 75 412 700 743 820 887 520 342 342 719 769 1278 1099 1138 624 491 747 715 688 621 706 719 668 560 544 517 557 559 497 532 533 443 355 361 336 377 322 318 326 345 315 320 328 310 349 311 302 314 326 329 361 331 349 368 329 333 318 318 318 334 301 274 260 260 269
5 110 41 60 52 283 353 3 295 135 56 -4 -31 -10 -4 -142 -182 -45 -10 408 39 -1 83 195 653 450 623 46 947 1066 982 921 874 1076 998 943 761 1084 981 1051 1134 635 418 488 367 456 362 392 388 505 612 596 576 614 630 571 542 522 441 518 529 447 418 377 415 428 406 396 328 319 276 313 334 363 370 462 416 287 295 347 356 386 335 316 295 431 396 324 307 340 308 315 312 286 297 309
118 -1 -51 -47 -9 -51 -93 -42 -172 -188 -257 -290 -155 3 1 -1 -1 126 20 0 128 590 490 222 941 774 1167 1034 707 716 1537 1012 878 1278 1254 947 1404 1360 950 890 575 944 1160 993 688 540 491 527 391 433 422 524 485 512 529 543 568 513 429 422 373 438 459 472 440 425 441 400 346 334 280 282 257 254 345 431 361 329 276 258 303 308 247 246 277 337 258 283 322 307 287 262 260 261 260 260
-99 -107 -106 -182 -228 -282 -295 -338 -304 -237 -147 25 -16 -1 122 12 256 75 76 311 287 568 638 1280 805 695 717 882 693 938 1212 860 1017 1204 1242 1042 1313 669 992 1154 961 792 881 853 618 548 470 555 537 350 363 465 339 443 494 440 469 461 439 399 369 391 350 458 436 378 486 459 391 362 303 319 253 245 254 244 291 337 327 275 251 241 219 240 221 215 251 242 257 257 277 289 280 261 279 277
-192 -223 -251 -270 -295 -332 -360 -32 -6 45 47 90 439 512 756 630 45 585 632 577 679 566 1007 663 538 727 694 835 1044 616 730 925 1031 1233 1022 1085 1328 980 1192 1100 688 578 646 721 677 607 530 609 502 490 394 424 336 394 347 412 299 424 375 390 392 395 366 327 332 393 361 448 380 375 355 322 249 250 206 276 315 320 263 351 393 263 222 192 189 198 199 212 207 236 296 347 313 345 307 301
-247 -272 -287 -275 -266 -161 -17 -1 -5 -1 36 19 -9 191 307 -1 839 504 573 831 848 719 895 951 869 616 453 454 819 807 746 731 1049 968 857 885 679 838 919 909 826 791 696 723 738 909 499 454 457 441 532 462 446 374 328 337 301 293 268 323 315 331 357 325 319 318 345 298 297 341 272 249 236 211 237 247 323 295 306 387 266 281 215 210 189 229 201 224 235 253 285 289 294 298 289 274
-263 -297 -319 -279 -186 -137 -163 -33 -43 -33 -11 4 37 107 493 115 661 39 753 687 658 707 831 706 839 860 883 506 806 548 439 439 700 895 1058 763 1394 799 749 639 580 703 587 646 518 721 545 526 598 471 444 475 486 453 368 401 422 354 322 285 276 314 254 294 279 296 306 249 279 301 331 318 268 215 231 251 270 249 237 424 229 240 258 234 200 173 183 209 225 201 224 248 222 219 216 282
-291 -294 -210 -91 -145 -74 -73 1 39 205 665 -1 95 9 180 338 392 391 792 719 565 548 548 548 787 1098 789 895 1099 1481 979 1286 1056 883 579 418 958 434 508 723 512 562 573 571 745 665 578 525 501 504 509 446 413 425 412 364 364 346 341 341 334 386 338 267 229 210 237 221 237 248 268 211 191 190 203 178 231 252 315 197 197 215 188 187 169 204 224 238 255 207 231 249 215 211 236 219
-202 -352 -441 -60 -7 -9 13 325 8 360 760 270 231 466 13 70 992 893 881 975 895 604 580 969 1000 1135 769 1250 1333 1500 715 928 1379 947 1287 1192 751 796 586 464 654 638 597 497 662 505 459 507 512 496 655 569 500 526 685 457 422 331 321 381 404 332 275 267 186 234 215 197 239 203 200 174 169 167 173 160 159 201 182 204 247 258 232 196 200 231 253 229 213 196 214 239 221 246 324 276
-167 -265 -153 -161 -14 30 110 141 299 330 394 14 -3 479 132 199 861 829 1195 821 904 990 1388 943 1381 1039 956 1073 1183 1366 1537 1487 711 1443 977 633 681 910 891 789 587 357 432 508 493 468 451 464 485 452 477 426 344 451 428 430 417 341 303 259 370 453 322 275 240 193 183 189 175 180 170 212 194 202 144 166 176 165 168 301 218 221 181 174 171 207 178 229 206 207 202 205 240 296 280 236
-20 -1 -5 527 -1 4 290 413 740 453 574 535 335 503 544 878 774 678 754 790 928 1076 786 1369 1054 1025 962 939 712 520 701 871 803 731 471 546 558 548 653 747 610 677 459 391 357 357 405 448 451 450 427 514 451 345 334 331 273 244 280 275 225 226 264 302 267 197 164 162 169 181 271 268 232 174 170 164 134 140 164 193 202 178 211 205 165 137 148 223 272 217 215 216 214 264 221 203
1 520 150 130 757 455 1145 837 220 570 535 570 218 626 1074 753 597 598 751 763 750 624 670 993 1091 1069 1084 915 513 376 333 697 588 659 608 432 356 443 500 501 407 444 440 503 426 465 429 511 394 421 425 362 425 405 432 433 310 247 231 214 268 198 192 259 249 192 169 166 158 163 172 187 259 157 116 104 69 83 214 215 221 152 223 164 128 149 195 138 169 153 191 252 214 201 199 181
-1 340 410 573 520 1025 550 280 634 735 735 1080 595 362 807 765 1423 1114 770 1058 1013 978 978 874 818 625 555 1194 1148 824 581 451 483 456 488 591 755 620 356 327 289 303 312 341 441 432 244 310 354 405 443 381 381 346 340 346 398 338 309 224 229 336 162 121 184 206 213 148 208 128 147 174 232 289 188 144 69 63 224 100 122 147 152 167 254 228 243 114 117 161 178 180 209 221 186 283
675 1120 1116 755 848 1153 1042 998 977 1032 543 1112 1010 784 796 1165 768 1107 751 539 1001 830 676 973 832 847 1008 631 452 622 711 681 676 724 655 593 568 444 417 438 427 462 286 299 313 288 294 358 307 268 332 355 440 369 320 333 335 417 348 391 253 212 129 98 193 95 266 139 157 164 146 173 187 191 285 121 71 94 128 194 107 122 144 141 159 135 176 120 166 174 160 188 200 189 140 168
824 575 865 939 815 391 960 740 1162 475 1007 985 681 1038 1105 806 793 719 825 639 517 677 799 800 879 548 641 848 776 507 452 536 809 892 690 633 631 683 571 503 425 380 377 359 375 339 322 252 234 317 251 162 329 356 302 319 306 353 346 317 289 245 186 141 118 92 99 140 156 108 220 142 162 139 112 165 57 172 130 108 82 96 114 151 174 191 196 204 134 202 121 168 128 126 165 179
568 320 176 400 215 382 128 395 395 655 795 810 730 910 1087 1200 773 768 821 852 915 704 653 525 445 435 470 509 545 494 574 568 453 448 449 429 416 594 557 595 509 500 521 527 404 365 368 365 283 291 248 169 95 222 221 229 244 266 273 227 203 293 267 276 128 109 133 76 57 49 154 137 108 100 77 81 119 107 111 105 85 123 146 162 168 131 200 79 90 113 155 173 122 100 111 142
80 325 -1 351 560 410 504 735 650 805 1133 746 797 711 776 902 966 945 988 912 814 490 496 732 622 508 481 447 427 548 723 513 537 456 751 421 401 425 493 556 535 563 587 543 518 452 404 522 329 290 208 294 191 107 214 179 198 145 214 196 99 112 249 207 248 156 181 119 123 43 93 91 172 147 78 119 62 110 108 127 151 130 129 113 95 134 85 80 144 154 177 153 154 163 166 175
461 100 480 880 600 523 655 705 894 823 652 981 796 650 873 773 887 657 899 1028 750 975 751 632 563 527 572 438 485 630 427 479 428 515 568 577 722 421 418 500 396 459 534 497 317 423 414 358 430 335 252 249 326 108 177 89 169 168 138 95 100 133 138 137 145 135 161 76 49 87 123 90 110 159 93 72 64 92 115 99 71 74 63 55 54 42 51 62 92 104 142 146 192 189 185 178
543 142 745 755 1475 975 1062 741 874 878 521 961 755 605 801 841 816 863 783 684 845 893 773 879 811 674 445 520 488 415 412 412 472 430 491 529 568 373 364 387 407 466 345 321 328 309 236 197 211 271 346 289 261 192 161 51 124 112 99 119 94 41 27 43 127 99 126 42 106 79 51 105 72 48 69 44 62 44 33 58 49 54 55 55 73 81 82 107 103 120 121 156 129 156 151 173
447 415 371 384 384 780 810 750 772 911 1020 927 1032 610 681 678 934 943 1006 727 397 583 474 754 505 533 533 477 497 431 425 432 416 507 538 465 514 430 375 378 440 382 343 310 315 285 385 311 185 175 124 207 235 224 164 199 110 127 21 64 40 25 55 46 24 19 41 9 63 32 8 37 38 37 33 44 25 45 10 14 31 29 32 44 29 116 87 84 89 99 118 140 166 148 132 143
737 719 384 690 1150 800 717 523 575 476 608 497 445 471 642 889 866 788 752 593 679 698 685 644 548 340 396 518 575 416 478 441 437 404 408 414 407 467 434 361 440 443 417 372 381 334 295 415 356 261 262 114 129 256 49 109 84 132 94 52 23 14 31 5 45 -3 -6 -3 2 -2 -1 -1 -2 -2 -2 -2 -2 -5 -2 -2 -2 3 25 39 42 51 48 74 82 95 111 117 125 128 145 167
646 577 468 537 758 818 1009 970 1047 970 918 373 809 769 892 1051 617 496 747 738 699 617 403 552 506 470 464 442 341 349 416 501 421 411 427 595 475 433 423 403 371 347 362 359 409 339 349 384 404 310 318 347 229 255 155 127 72 136 48 91 29 25 -1 18 -1 -1 -2 -2 -13 -14 -8 -10 -49 -19 -9 -9 -6 -5 -2 -5 -7 -7 -4 -6 -1 11 22 44 74 98 105 102 102 104 120 127
297 925 375 675 515 697 987 1039 936 763 716 648 422 372 400 371 413 421 590 514 595 532 513 577 424 411 529 437 334 346 418 479 442 400 509 439 416 437 549 467 499 506 363 347 318 334 362 412 357 354 373 283 227 220 165 142 44 101 77 17 14 25 -2 -2 -2 -2 1 -2 -8 -61 -61 -78 -50 -34 -19 -16 -18 -16 -19 -13 -12 -10 -10 -8 -6 -6 -3 0 26 53 81 83 84 95 109 101
1337 1049 621 745 547 817 1009 854 686 670 687 662 743 769 1015 660 647 552 482 446 410 345 417 541 586 551 515 435 354 333 347 322 328 403 384 419 468 375 371 351 394 369 403 397 413 377 301 314 355 298 324 303 318 277 199 148 4 -3 7 -1 -4 -2 -4 -14 -13 -6 -7 -19 -36 -62 -82 -64 -78 -65 -47 -32 -35 -20 -16 -16 -13 -12 -9 -7 -5 -5 -4 5 21 47 39 45 68 96 103 102
878 951 998 1024 983 1095 771 781 855 873 584 1119 724 980 528 547 477 455 585 515 528 418 405 345 345 407 530 525 516 345 325 321 349 324 363 456 335 306 298 435 343 309 301 398 317 342 346 307 321 307 268 312 292 191 180 158 137 41 30 -3 2 -3 -15 -13 -14 -25 -18 -20 -36 -67 -64 -78 -79 -79 -67 -25 -31 -24 -25 -15 -12 -10 -11 -8 -6 -6 -6 8 28 40 58 65 76 107 127 111
654 673 990 825 920 854 959 772 678 758 750 574 1114 948 696 632 590 514 512 515 411 518 492 441 542 342 407 395 382 285 329 333 362 376 374 350 389 335 388 350 303 253 249 270 271 246 304 274 288 301 235 220 231 172 127 92 66 75 32 -2 -20 -20 -16 -23 -25 -29 -25 -21 -55 -65 -81 -80 -82 -74 -66 -39 -29 -20 -16 -16 -9 -6 -1 3 -3 -5 -4 -1 21 37 52 63 74 84 85 90
690 866 870 652 684 697 659 831 858 1058 890 798 608 533 704 608 401 397 518 534 570 490 474 603 462 429 443 478 427 395 268 291 283 299 325 255 346 310 259 280 263 286 313 331 282 233 213 217 252 242 199 155 175 151 72 77 20 -3 -26 -32 -43 -61 -45 -52 -72 -96 -66 -58 -57 -77 -67 -67 -89 -91 -73 -33 -25 -20 -21 -20 -11 -7 -1 5 -4 -5 -5 8 0 25 31 60 67 70 80 89
656 756 722 437 497 894 692 760 677 865 526 511 630 656 961 767 500 348 358 466 393 414 707 413 461 472 521 525 456 526 449 334 284 289 281 295 242 327 239 230 256 279 325 343 310 268 242 234 244 182 214 160 101 107 91 6 -9 -16 -17 -55 -61 -73 -89 -84 -84 -49 -82 -97 -86 -67 -59 -66 -72 -88 -70 -51 -39 -28 -23 -16 -14 -3 -3 24 35 24 22 11 7 10 26 42 24 86 84 91
550 615 418 430 624 925 845 946 522 842 844 570 439 490 513 368 507 588 471 357 357 416 463 386 376 418 505 496 566 552 412 379 345 359 347 297 264 279 327 269 292 261 237 261 298 257 266 258 280 238 170 120 149 87 91 48 2 -3 -24 -25 -64 -96 -104 -102 -84 -75 -94 -84 -85 -67 -67 -74 -73 -72 -61 -46 -40 -23 -20 -8 -2 12 29 56 48 48 55 52 49 39 41 60 67 85 101 105
599 618 320 322 598 749 582 673 551 532 440 499 412 354 379 456 345 471 635 607 420 383 398 379 369 385 407 458 529 518 573 467 449 403 361 335 293 258 270 254 258 259 208 243 337 271 255 253 246 270 212 133 125 63 61 54 81 12 1 -13 -55 -101 -100 -117 -95 -94 -87 -85 -86 -86 -75 -69 -58 -40 -43 -26 -24 -15 -16 -7 15 43 99 100 100 80 67 62 63 51 73 80 95 103 108 120
485 493 698 681 325 369 501 405 406 561 535 458 640 461 249 386 428 260 479 529 491 443 491 339 499 511 374 407 444 422 495 566 487 471 428 445 380 296 333 286 223 242 243 243 273 250 309 244 273 319 176 176 202 146 124 61 32 29 21 -5 -34 -79 -99 -100 -95 -76 -67 -57 -79 -88 -54 -43 -31 -30 -25 -41 -20 -13 12 26 32 40 84 111 109 94 99 92 91 86 75 87 81 109 119 111
598 655 915 942 754 544 729 449 381 374 289 360 289 379 407 318 424 489 256 318 372 323 367 349 387 516 442 389 424 344 445 432 374 316 374 408 373 283 278 312 303 213 260 251 204 293 328 340 275 255 244 168 121 119 45 38 14 -11 -20 -30 -76 -98 -103 -108 -99 -96 -93 -52 -60 -52 -53 -33 -33 -23 -10 -19 1 31 51 41 54 54 67 69 82 111 122 147 129 108 102 80 84 104 120 107
