tess3r/inst/extdata/lowResEurope.asc
NCOLS        382
NROWS        270
XLLCENTER    -11.89167
YLLCENTER    34.10833
CELLSIZE     0.1333333
NODATA_VALUE  -32768
[rows 86 to 128 of 270, columns 192 to 287 of 382]
281 148 120 124 163 130 88 88 99 117 109 79 74 73 67 54 67 75 79 69 56 42 5 -1 -4 -7 -36 -38 -45 -97 -81 -100 -117 -111 -181 -154 -142 -163 -175 -152 -92 -23 -39 -79 -88 -111 -115 -106 -109 -118 -130 -105 -98 -107 -95 -87 -89 -76 -63 -39 -35 -8 15 8 30 43 27 26 19 13 13 -2 -4 -15 -14 13 25 19 24 24 12 15 13 20 27 28 30 45 90 90 66 50 44 42 40 40
177 140 141 129 185 88 88 99 121 148 155 136 120 109 125 96 101 84 108 101 77 47 30 5 4 -4 -24 -48 -77 -92 -98 -118 -90 -100 -104 -113 -85 -110 -128 -122 -95 -55 -38 -98 -126 -117 -125 -117 -107 -93 -94 -76 -96 -84 -48 -81 -50 -39 -24 -19 -14 5 13 47 11 5 5 11 8 -7 -13 -19 -21 -25 -25 -16 -8 -7 22 3 -7 -4 14 23 35 41 55 57 77 68 103 54 33 33 47 83
277 156 194 264 88 88 88 186 205 201 157 166 174 196 147 111 108 121 119 127 57 63 29 12 -9 -16 -38 -53 -89 -106 -118 -140 -163 -123 -116 -53 -87 -100 -86 -105 -98 -27 -42 -111 -153 -163 -161 -160 -153 -102 -90 -98 -99 -70 -56 -47 -38 -44 -43 -24 -24 -24 -18 -4 6 -9 10 -11 -3 -18 -23 -25 -30 -27 -27 -26 -9 2 -6 -12 -10 15 25 37 58 71 73 55 64 71 113 79 45 40 79 89
247 229 333 225 88 88 245 249 225 188 171 147 182 166 167 117 106 147 132 97 51 41 9 0 -27 -51 -62 -87 -88 -112 -139 -165 -178 -91 -107 -92 -92 -101 -101 -110 -99 -58 -38 -43 -117 -165 -183 -155 -118 -121 -99 -99 -97 -91 -81 -71 -68 -60 -57 -46 -37 -27 -8 37 -6 -13 -19 -25 -27 -29 -29 -30 -36 -36 -32 -18 -18 -13 -18 -17 -10 23 62 56 64 70 72 77 84 108 111 87 51 79 127 149
323 232 231 94 88 227 267 282 213 270 252 207 204 256 200 162 98 156 140 84 36 -2 7 2 -25 -47 -76 -108 -123 -144 -158 -139 -94 -82 -107 -102 -87 41 -8 15 -6 -7 -15 -50 -73 -108 -174 -135 -129 -112 -102 -100 -100 -98 -78 -73 -47 -72 -59 -45 -28 -10 -7 -12 -22 -29 -28 -29 -24 -29 -28 -21 -44 -45 -38 -33 -33 -27 -25 -12 9 38 44 58 62 61 63 54 55 63 98 78 95 54 51 56
323 226 267 176 254 224 288 275 234 246 286 280 281 231 155 197 159 127 122 105 56 48 7 -14 -19 -58 -92 -115 -141 -118 -90 -94 -101 -98 -103 -46 45 46 23 16 -12 -39 -48 -51 -94 -110 -120 -100 -134 -127 -134 -131 -123 -112 -61 -36 -46 -40 -55 -26 -10 -18 -12 -23 -24 -13 -1 -26 -38 -39 -39 -25 -9 -42 -51 -44 -42 -37 -29 -15 6 39 50 71 76 72 49 46 64 69 57 50 60 78 73 95
274 224 289 249 221 284 325 314 264 221 229 231 240 170 143 216 115 143 125 81 56 23 5 -5 -40 -45 -92 -127 -81 -103 -97 -96 -97 -98 -6 70 43 24 -1 -27 -35 -46 -66 -83 -100 -115 -122 -130 -141 -151 -152 -126 -134 -49 -48 -48 -47 -33 -25 -17 -10 -7 -5 10 39 85 30 -13 -24 -38 -38 -44 -37 -25 -49 -49 -43 -42 -42 -25 0 40 57 71 92 86 60 63 60 51 53 53 64 83 57 64
233 311 276 200 212 242 330 277 232 283 239 190 259 205 202 182 103 139 102 77 49 31 11 -9 -38 -53 -57 -68 -27 -73 -97 -96 -103 -6 32 32 37 20 -1 -20 -34 -50 -71 -88 -79 -120 -141 -164 -184 -197 -187 -166 -61 -52 -47 -61 -69 -37 -21 -12 31 22 28 23 44 67 60 27 22 -16 -33 -39 -42 -40 -40 -48 -44 -42 -42 -28 8 54 61 89 82 92 66 74 58 75 60 68 71 79 79 66
185 260 177 183 176 236 235 222 232 228 239 247 166 150 125 136 94 138 115 67 51 20 -6 -18 -39 0 -9 -45 -62 -80 -96 -110 -48 -14 54 68 43 31 -10 -25 -49 -83 -113 -129 -85 -122 -194 -216 -234 -217 -186 -130 -55 -48 -50 -65 -58 -24 -10 1 7 27 49 38 37 47 45 51 46 28 11 -9 -33 -43 -43 -42 -41 -42 -41 -30 -9 38 53 75 56 71 77 59 69 118 201 189 166 139 113 98
170 160 254 173 217 185 242 264 208 271 275 287 232 232 196 175 130 111 83 63 27 -4 -24 -28 -18 7 -32 -63 -79 -96 -103 -82 -39 -11 18 21 15 -3 -27 -56 -79 -115 -140 -156 -142 -170 -216 -231 -233 -190 -141 -92 -92 -45 -25 -34 -29 -17 3 4 19 37 62 32 38 47 54 156 87 39 8 13 -23 -38 -40 -42 -42 -39 -33 -22 18 27 46 58 75 107 121 155 185 230 210 180 187 180 161 126
145 162 166 150 177 185 242 254 182 204 203 234 275 235 210 184 149 109 83 59 25 9 -10 -36 7 -19 -47 -71 -87 -104 -100 -82 -52 -17 2 -4 -16 -26 -40 -83 -112 -151 -168 -174 -157 -192 -207 -190 -187 -151 -119 -95 -83 -55 -25 -23 -25 -17 9 14 40 37 43 45 55 50 53 87 71 57 57 41 -8 -25 -32 -32 -29 -14 4 7 9 28 48 65 105 119 175 235 205 231 204 243 245 169 143 133
154 182 156 177 179 189 166 175 165 206 222 231 267 247 204 177 131 96 94 53 15 -3 -10 10 -5 -29 -71 -74 -94 -95 -94 -80 -45 -18 19 -14 -36 -40 -66 -119 -145 -159 -165 -165 -160 -173 -177 -170 -162 -133 -84 -45 -62 -50 -30 -20 -15 20 23 32 73 120 31 38 64 84 90 74 81 60 67 64 22 13 -1 12 -5 11 11 8 18 24 47 64 75 100 105 176 177 197 201 199 209 230 222 110
152 156 171 159 166 193 156 177 184 166 179 199 220 229 219 170 139 94 67 34 11 -13 31 5 -21 -63 -86 -95 -85 -84 -84 -68 -43 -23 -19 -36 -40 -40 -73 -128 -150 -156 -159 -143 -127 -154 -156 -153 -153 -127 -67 -50 -51 -45 -28 -2 17 22 36 47 55 97 49 49 71 90 103 116 125 94 54 57 28 20 -22 18 9 12 15 15 37 20 33 47 74 84 99 97 112 144 168 209 206 146 135 97
136 134 143 143 154 167 171 148 156 160 172 147 150 158 171 150 103 80 38 11 -2 30 20 -12 -50 -73 -81 -79 -78 -80 -66 -55 -56 -39 -30 -30 -24 -24 -52 -106 -150 -150 -139 -130 -136 -149 -150 -144 -143 -121 -79 -65 -46 -36 -21 -2 26 32 54 67 84 123 31 52 76 89 100 129 106 102 76 62 29 6 6 -8 2 10 15 20 31 49 60 47 55 84 93 91 94 93 103 102 97 100 108 106
120 141 140 158 155 164 174 143 143 150 171 143 144 153 121 102 95 51 16 -5 -3 31 -4 -40 -74 -68 -64 -55 -68 -60 -50 -54 -52 -39 -26 -23 -21 -30 -68 -129 -134 -121 -130 -136 -145 -142 -128 -119 -114 -96 -74 -56 -36 -24 -8 1 25 42 27 80 101 114 62 81 83 94 114 127 121 109 104 62 42 22 15 14 6 2 17 30 27 27 37 54 68 67 77 88 98 95 91 87 108 94 98 96
137 116 109 133 141 145 162 139 136 122 130 129 126 106 109 120 71 19 -3 -13 -2 19 -14 -55 -65 -58 -45 -49 -50 -42 -45 -50 -35 -29 -22 -23 -41 -79 -103 -122 -112 -123 -131 -135 -135 -121 -94 -81 -78 -63 -43 -35 -28 -16 -11 -41 23 35 23 72 95 150 109 72 62 66 75 89 95 87 88 65 53 38 30 30 29 22 22 24 29 46 46 45 57 76 78 85 92 103 92 90 109 90 106 91
90 91 84 64 126 101 70 94 77 62 68 46 79 48 77 69 84 21 -12 -23 -9 -3 -41 -50 -49 -41 -37 -32 -29 -25 -33 -42 -43 -36 -35 -35 -75 -96 -113 -100 -119 -127 -130 -126 -104 -81 -69 -60 -58 -49 -37 -32 -30 -24 -13 2 18 29 30 33 47 95 89 84 74 65 81 82 77 73 79 90 68 56 46 42 46 42 34 35 26 35 47 51 67 67 81 82 90 111 110 124 115 101 102 95
61 37 32 25 34 33 18 9 -3 -6 -9 -3 3 -1 -3 -2 27 -9 -22 -35 -11 -34 -52 -37 -30 -32 -25 -18 -19 -32 -42 -41 -48 -49 -64 -79 -104 -109 -100 -122 -130 -126 -116 -91 -68 -54 -59 -60 -55 -39 -34 -37 -37 -24 -14 0 17 35 44 52 79 140 132 115 117 101 83 89 81 99 97 94 88 80 71 58 50 50 48 42 41 41 50 57 68 75 79 84 92 111 111 120 111 102 100 90
99 130 82 6 5 13 -5 13 -9 -35 -33 -39 -39 -41 -35 -26 -17 -29 -37 -39 -37 -45 -37 -38 -37 -35 -35 -38 -35 -47 -59 -59 -54 -52 -70 -96 -102 -102 -113 -119 -118 -115 -86 -70 -53 -52 -60 -56 -47 -39 -33 -24 -31 -27 -20 -9 9 39 59 61 104 150 159 172 131 127 115 118 110 104 100 107 110 99 84 73 60 50 56 41 35 47 53 63 74 83 89 95 88 123 145 125 135 161 131 92
140 175 135 14 4 -10 -15 -20 -26 -30 -36 -44 -50 -45 -45 -41 -41 -48 -52 -57 -48 -51 -43 -38 -43 -45 -45 -36 -35 -49 -59 -60 -56 -58 -73 -89 -106 -110 -111 -111 -106 -95 -71 -58 -63 -66 -65 -63 -59 -50 -45 -43 -37 -35 -26 -2 15 43 63 74 70 115 131 146 168 157 158 113 110 100 125 124 128 107 98 90 73 61 54 42 46 62 60 66 90 97 92 92 107 127 137 143 141 147 168 151
118 157 147 94 -22 -26 -32 -43 -50 -42 -48 -51 -63 -60 -53 -50 -56 -61 -60 -68 -65 -59 -47 -39 -42 -35 -35 -23 -21 -36 -53 -64 -60 -64 -83 -102 -107 -108 -100 -90 -89 -80 -73 -73 -73 -73 -76 -75 -70 -66 -53 -46 -43 -43 -37 -15 15 28 52 88 108 114 115 126 178 154 175 149 110 106 126 124 121 121 116 105 82 68 50 50 50 67 76 87 97 110 112 99 113 136 113 117 167 157 172 120
65 83 99 116 54 -32 -47 -60 -68 -74 -75 -73 -70 -69 -70 -75 -81 -76 -72 -70 -72 -64 -54 -50 -36 -32 -29 -20 -15 -38 -57 -56 -64 -75 -89 -101 -100 -97 -89 -85 -87 -86 -84 -87 -87 -83 -80 -84 -79 -73 -71 -65 -54 -45 -37 -24 8 10 20 50 87 106 98 124 161 180 155 153 161 134 113 122 121 130 110 113 85 68 39 55 61 65 73 83 95 91 111 106 96 114 138 162 153 160 185 145
51 48 46 44 28 -32 -48 -65 -72 -73 -79 -83 -82 -80 -81 -83 -85 -81 -80 -74 -70 -59 -46 -36 -39 -38 -35 -35 -35 -49 -66 -72 -70 -75 -85 -96 -89 -85 -86 -90 -87 -87 -85 -91 -91 -90 -87 -82 -69 -53 -48 -44 -51 -45 -35 -17 -1 0 8 27 54 82 103 98 111 146 148 133 125 127 125 117 115 121 104 100 78 58 47 56 75 74 84 90 89 85 149 138 170 117 180 203 166 178 147 141
-28 -26 -21 -13 -18 -47 -55 -43 -58 -70 -68 -49 -93 -93 -94 -94 -92 -88 -82 -75 -65 -56 -64 -64 -66 -66 -67 -69 -76 -76 -76 -75 -75 -80 -81 -82 -84 -84 -93 -91 -84 -84 -91 -95 -99 -98 -87 -74 -56 -43 -38 -35 -35 -30 -23 5 -2 -2 -3 8 28 52 69 64 52 50 49 56 58 68 67 98 105 100 95 77 62 41 50 61 74 81 88 75 87 148 128 115 157 172 158 161 154 156 216 155
-42 -42 -43 -40 -44 -45 -46 -37 111 25 -52 -63 -49 -77 -93 -93 -91 -89 -84 -76 -64 -56 -69 -79 -81 -86 -87 -84 -72 -55 -55 -58 -54 -61 -63 -81 -81 -85 -90 -89 -86 -90 -96 -99 -99 -85 -67 -62 -56 -45 -42 -30 -25 -21 -1 -2 -1 3 -31 -2 11 19 32 30 13 21 38 34 45 58 64 78 78 88 92 64 40 50 56 69 94 85 74 86 130 131 135 129 156 153 156 160 151 164 194 172
-44 -47 -47 -48 -48 -42 -40 -22 57 82 92 -40 -76 -73 -73 -85 -85 -84 -78 -74 -59 -46 -44 -31 -30 -36 -45 -45 -38 -44 -39 -37 -44 -54 -67 -73 -79 -86 -88 -89 -92 -99 -101 -100 -91 -72 -68 -61 -53 -43 -35 -25 -18 -2 -2 -2 -2 1 -3 -2 -43 8 2 40 27 25 37 28 29 19 56 31 56 54 79 57 57 63 67 82 47 66 93 149 122 148 125 163 176 147 139 151 168 191 221 191
-46 -47 -47 -45 -39 -31 -21 -16 -15 -31 -38 -44 -54 -73 -76 -80 -78 -77 -66 -46 -27 -14 -14 -18 -18 -18 -24 -28 -32 -25 -24 -22 -22 -28 -27 -29 -44 -75 -91 -100 -103 -105 -105 -101 -84 -57 -37 36 -1 7 -7 2 -2 -1 -2 -1 -1 -16 0 0 9 18 20 44 29 33 26 37 34 42 50 56 64 77 61 76 67 56 73 74 90 96 60 108 107 124 129 193 179 134 140 151 152 159 166 175
-43 -42 -39 -34 -20 -15 -18 -23 -43 -53 -51 -60 -67 -70 -78 -76 -70 -56 -47 -39 -34 -30 -30 -34 -30 -25 -20 -15 -19 -18 -14 0 4 -1 7 -4 -18 -32 -86 -97 -101 -105 -111 -105 -87 -47 -28 24 49 65 41 29 24 11 -3 9 6 5 18 12 20 39 52 21 44 39 42 49 40 40 45 50 52 58 79 79 74 61 80 58 66 144 108 126 107 169 169 155 149 144 158 126 136 157 139 137
-35 -31 -26 -25 -27 -21 -35 -48 -50 -53 -56 -60 -65 -67 -68 -66 -55 -52 -45 -44 -34 -28 -25 -24 -22 -11 11 3 3 13 84 112 85 45 79 30 -3 -11 -18 -83 -90 -93 -93 -90 -66 -24 -16 -1 8 -3 -2 6 1 1 2 12 19 23 20 29 26 13 51 54 55 70 54 44 43 42 53 53 53 60 72 86 79 98 76 109 172 183 105 195 151 114 140 137 159 171 190 233 185 173 148 149
-18 -20 -17 -17 -19 -19 -21 -29 -35 -43 -39 -40 -42 -53 -57 -58 -55 -45 -37 -31 -22 -10 2 -2 16 22 75 46 77 8 14 83 134 81 162 128 27 -26 -44 -64 -75 -76 -76 -73 -58 -17 -1 10 14 26 3 10 22 30 33 26 24 28 36 39 33 50 69 58 54 63 73 94 136 95 88 80 75 96 92 100 92 109 108 97 85 115 156 164 142 153 148 159 238 248 226 239 198 164 152 155
-17 -16 -14 -13 -11 -10 -11 -13 -14 -18 -25 -31 -26 -36 -40 -40 -35 -34 -25 -18 -4 7 36 36 45 37 75 88 93 114 156 159 206 187 196 159 127 -6 -13 -24 -38 -44 -42 -24 2 -1 9 47 112 118 137 84 56 85 34 33 34 31 45 52 62 125 100 85 109 138 180 191 212 237 197 109 106 112 96 90 76 93 143 170 132 144 139 152 125 140 149 170 215 188 232 193 176 177 244 182
-1 -11 -13 -15 -14 -7 -11 -17 -15 -16 -13 -17 -17 -15 -15 -17 -14 -12 -4 9 38 8 58 70 77 136 130 78 118 130 208 228 198 179 179 198 75 -3 -7 -2 -2 -2 -2 35 110 34 32 85 96 115 126 118 95 68 58 36 46 48 62 68 139 93 107 148 175 206 216 216 274 169 187 188 152 158 152 102 120 106 132 136 136 131 137 140 157 170 151 161 182 228 230 244 227 231 198 267
-1 -7 -12 -13 -13 -11 -14 -13 -14 -16 -15 -12 -2 -4 5 26 23 31 36 33 52 91 168 136 72 97 160 155 138 200 196 164 177 198 181 199 117 64 -86 -68 -7 -3 -2 25 126 81 64 43 62 74 92 74 101 106 88 57 75 62 98 144 115 137 149 179 178 231 215 184 210 186 161 146 137 138 125 127 123 135 125 115 109 138 164 166 152 155 178 167 188 174 165 176 184 181 197 158
31 -2 -7 -9 -11 -12 -12 -9 -4 4 11 16 28 24 40 40 23 23 60 85 97 97 105 187 187 199 185 168 171 170 178 151 150 142 136 131 100 55 27 3 20 -22 -1 -2 50 123 149 120 96 116 81 104 109 160 154 114 126 101 115 121 120 135 137 132 142 158 157 163 164 173 134 154 138 134 115 124 119 94 124 139 140 130 135 141 151 143 146 162 167 151 152 164 159 151 151 152
6 -6 8 5 11 -3 24 1 4 13 46 27 48 40 50 58 135 81 49 86 98 162 152 170 165 160 148 150 131 144 143 154 141 131 122 111 95 60 54 6 47 75 76 90 108 119 109 132 123 140 129 154 146 151 159 167 157 143 141 131 121 117 156 138 126 142 136 144 161 136 133 140 138 120 120 104 128 128 132 123 131 134 149 149 145 133 150 139 131 127 133 138 148 136 142 151
6 13 7 -3 4 -8 -6 3 29 29 34 43 42 63 106 93 107 159 138 91 131 146 150 129 153 142 143 167 151 152 134 138 127 131 115 107 94 82 72 9 82 81 90 111 103 100 113 115 140 120 138 141 115 141 166 162 167 147 158 137 112 116 131 132 153 128 129 118 134 115 121 127 130 148 159 156 145 118 133 129 129 143 166 146 132 141 136 142 128 138 176 187 156 133 137 154
12 31 17 8 10 27 3 -4 23 36 57 67 71 106 59 100 134 135 139 144 149 153 171 152 135 142 146 156 149 161 114 138 114 124 98 104 97 81 10 89 83 84 101 100 98 100 137 164 120 163 171 157 137 139 145 154 158 138 144 147 135 118 159 152 139 150 114 114 114 109 112 168 162 130 173 149 163 130 126 113 128 143 168 178 164 119 129 125 137 161 235 242 206 198 132 151
79 41 49 16 13 20 97 -47 11 28 59 66 78 120 133 126 96 133 144 149 144 145 139 148 116 152 158 141 136 126 130 97 106 116 99 58 75 60 18 82 73 92 81 109 95 131 207 191 207 178 166 163 146 141 151 133 134 130 123 120 120 127 142 164 146 137 114 110 131 155 134 148 191 173 165 221 157 128 120 101 118 117 121 128 116 127 133 178 156 157 195 240 225 171 156 141
62 13 39 54 26 36 -4 114 32 13 21 46 67 89 116 104 129 133 124 154 119 115 114 108 125 115 116 127 116 132 125 108 90 91 90 24 56 88 110 104 92 83 95 103 121 138 149 163 188 174 183 197 146 136 132 127 119 119 115 120 116 106 117 138 184 142 101 112 129 119 145 156 154 164 203 182 114 119 141 136 125 116 119 113 132 121 140 198 199 175 212 200 207 161 176 154
94 19 64 20 40 5 39 47 17 11 31 51 51 61 98 94 89 89 106 145 126 136 118 72 105 104 100 102 98 98 109 100 86 95 35 63 81 95 91 90 94 88 69 127 129 140 165 144 156 148 176 160 141 134 134 116 112 106 109 110 106 111 104 142 128 136 101 104 103 105 145 120 139 143 164 165 130 178 180 173 201 212 150 118 160 134 138 165 166 202 194 189 197 186 196 184
84 75 27 35 14 24 48 53 73 73 84 69 55 73 78 85 86 78 79 106 99 89 48 60 97 49 46 47 54 73 64 66 80 61 33 42 74 81 84 76 82 118 111 128 125 128 130 136 141 117 143 153 154 148 124 133 106 116 103 97 103 106 133 169 100 136 126 121 114 117 140 150 158 163 181 144 157 145 160 169 161 197 201 195 151 184 192 145 158 192 186 187 174 175 181 194
63 67 44 1 59 24 61 63 64 56 73 95 83 88 85 65 58 64 52 60 73 56 93 102 93 94 93 91 102 108 86 86 85 70 71 81 76 63 60 94 83 92 134 126 116 110 119 113 119 115 121 120 127 132 116 113 111 114 88 104 110 111 123 144 128 139 151 142 137 122 151 135 136 142 146 138 145 161 165 177 176 176 183 178 134 175 169 175 167 139 202 168 159 176 171 205
41 71 -9 -69 53 64 60 71 50 57 54 62 66 69 20 22 27 41 63 58 70 73 81 72 81 78 87 91 99 109 80 84 101 86 82 76 83 78 86 40 108 103 127 107 109 114 113 119 116 107 110 103 111 103 114 112 90 86 90 118 118 126 137 114 124 134 148 133 146 140 141 147 137 154 166 175 157 169 167 174 182 183 179 180 167 172 166 165 150 152 148 147 153 154 162 164
