tess3r/inst/extdata/lowResEurope.asc
NCOLS        382
NROWS        270
XLLCENTER    -11.89167
YLLCENTER    34.10833
CELLSIZE     0.1333333
NODATA_VALUE  -32768
[rows 172 to 214 of 270, columns 192 to 287 of 382]
1958 1714 1604 1109 1139 1052 1121 1498 854 969 1073 932 383 321 351 380 299 271 277 223 210 212 248 196 199 216 161 188 229 289 328 151 100 100 126 130 96 141 141 149 94 92 95 113 122 117 107 93 81 83 81 79 80 79 79 80 83 84 86 88 97 136 250 252 410 517 459 477 504 599 407 337 400 497 407 332 384 330 369 461 422 514 527 560 590 693 859 827 1029 1065 1008 822 965 498 590 367
1204 1208 1531 1128 874 624 717 1729 517 1110 1238 628 320 334 277 285 271 308 339 276 235 259 253 207 239 214 173 361 110 102 100 153 208 152 136 157 147 96 153 108 94 91 99 108 111 111 97 90 82 78 80 79 80 82 84 80 81 82 84 89 94 134 190 162 165 290 755 816 1006 902 647 660 541 435 468 388 321 422 330 429 422 454 382 444 535 1132 1157 1276 719 1290 1151 876 1022 824 1034 588
546 872 509 711 570 524 636 493 549 416 1147 549 377 432 419 321 248 227 196 190 197 174 210 212 154 180 105 150 101 103 259 181 203 162 137 140 162 95 149 90 91 89 100 114 111 104 94 81 79 78 79 81 82 83 86 84 82 83 84 90 96 106 163 162 191 211 498 1341 1470 1156 1114 928 809 511 727 643 376 390 415 355 383 429 337 486 522 814 1308 1334 753 775 1279 1278 1215 1087 1171 665
615 629 626 693 516 440 473 622 560 500 405 633 519 360 322 294 259 283 192 178 163 241 254 193 180 219 125 140 124 158 181 197 224 210 213 111 141 104 101 88 87 89 106 115 115 105 93 83 76 78 75 79 84 87 90 91 87 86 94 92 95 104 177 413 684 439 319 958 1308 1310 1345 1503 1233 639 618 396 304 378 299 371 447 322 376 404 505 702 930 912 984 1194 768 975 960 740 1127 998
1437 1078 887 649 1477 1197 1133 996 1240 1076 510 608 1007 742 367 246 223 213 227 224 198 162 144 141 170 186 135 149 152 156 155 137 134 136 113 176 147 88 90 88 86 106 134 130 130 112 94 85 81 75 77 80 84 90 93 94 95 97 100 97 100 107 125 138 321 700 408 1076 1163 914 904 953 763 562 642 381 289 314 387 324 347 414 405 337 417 631 730 838 818 1378 777 847 1202 1253 1339 678
1720 555 639 1289 458 443 1067 1279 587 560 292 288 310 388 592 338 355 431 222 175 163 153 144 134 196 154 165 156 136 175 198 212 197 127 194 168 145 178 85 86 136 141 128 133 134 114 96 84 75 75 75 80 85 91 100 97 99 104 110 110 219 174 219 296 177 191 379 461 642 583 692 946 983 948 605 236 338 399 396 390 360 411 505 488 441 416 587 649 610 888 1161 652 999 894 1065 834
294 517 619 1018 520 334 494 315 523 438 329 436 508 426 285 229 219 224 375 241 229 353 196 174 135 117 117 123 140 163 162 142 258 232 340 279 205 172 84 84 124 118 122 131 125 117 101 78 75 76 76 79 84 86 104 99 102 108 111 116 386 571 306 381 610 556 403 424 319 450 911 670 1014 629 256 271 311 369 445 444 421 446 474 430 598 586 542 497 620 611 702 802 1065 800 1057 1113
711 602 471 572 467 314 286 433 507 569 513 365 252 274 482 159 171 172 209 167 171 169 154 150 221 132 113 112 125 143 108 108 111 122 211 181 190 97 81 84 91 101 119 116 111 102 98 78 78 73 73 76 83 87 90 102 118 144 155 206 198 196 224 144 218 215 396 411 389 376 700 536 742 333 316 405 391 351 452 449 450 482 500 564 538 514 486 532 559 477 669 718 739 569 565 932
90 114 563 956 553 511 945 490 280 352 311 413 155 152 260 152 147 494 187 138 113 129 125 113 143 157 201 119 103 102 102 98 103 109 245 187 119 90 80 81 83 93 108 106 105 102 101 96 74 72 73 75 77 83 86 93 111 105 181 166 189 189 190 203 213 313 321 371 400 183 399 200 267 445 391 397 313 504 490 561 540 472 490 578 510 534 467 650 772 560 752 544 561 537 962 1422
241 321 524 599 683 547 738 661 782 429 211 260 970 450 542 276 126 111 102 98 104 152 125 151 116 132 163 223 200 141 104 100 93 91 88 84 89 99 77 87 81 84 86 110 97 98 90 84 75 73 74 73 72 76 78 80 84 87 92 98 104 115 204 324 337 807 1031 739 596 289 306 305 707 1041 1030 1127 940 489 479 438 375 429 476 509 518 534 498 585 538 503 500 507 832 714 1104 1276
-11 90 633 565 616 1106 849 937 652 488 945 197 143 199 131 111 144 195 118 102 95 95 151 263 143 113 162 418 532 201 150 113 98 99 97 88 85 80 78 82 77 82 80 80 95 85 79 76 71 74 76 73 73 73 75 78 82 88 100 133 168 163 149 200 590 861 835 860 515 363 558 863 920 1500 1572 1513 1679 1160 1333 653 917 1168 1860 1911 1876 1125 1336 802 607 915 663 1002 801 832 1226 1194
254 271 796 726 445 691 1272 898 397 339 433 255 282 153 111 126 188 125 131 105 96 99 93 118 111 124 177 295 478 561 612 640 192 135 97 88 84 82 82 84 82 80 79 78 78 77 77 77 70 73 76 75 74 75 72 76 79 102 137 159 158 218 270 228 202 485 846 1114 860 649 533 614 1016 970 1452 1833 1258 1110 1467 919 1075 1403 1378 1504 1507 1509 1499 896 1468 1250 1578 1231 1586 1071 609 840
70 25 201 511 848 143 291 858 836 1000 643 459 268 213 181 202 148 157 115 199 194 134 91 97 103 257 297 742 332 174 153 167 159 194 156 107 102 88 84 81 77 79 81 80 80 78 78 77 74 72 72 77 73 72 72 74 87 101 108 171 249 285 424 567 240 610 1094 1590 1826 2049 1218 739 938 1045 2031 1733 1475 774 591 466 965 818 1034 873 1063 918 852 1589 1706 1215 980 1191 819 946 688 501
165 296 417 60 20 -10 -9 191 910 1095 869 736 325 254 206 165 177 196 314 470 384 136 145 105 91 95 92 98 99 123 100 179 177 136 115 86 86 79 83 79 109 122 133 115 75 77 149 70 77 96 75 69 76 83 73 72 76 86 149 157 205 235 882 916 854 766 1115 1813 1140 1137 1246 1203 862 807 867 1023 1022 894 835 679 392 543 514 521 572 611 824 922 703 712 726 490 492 543 421 362
112 247 313 262 -10 -6 187 135 -10 753 730 755 550 486 360 263 293 243 387 256 140 334 293 273 287 148 99 91 90 194 191 86 86 84 151 84 83 80 79 77 82 77 83 94 141 159 174 140 115 97 69 75 80 126 125 73 76 111 142 105 216 654 859 1013 499 1218 1457 793 702 418 260 264 234 293 323 375 449 568 354 354 230 452 442 421 501 579 629 537 432 372 440 336 247 292 160 370
-11 114 134 -10 -9 -2 -12 -7 -5 -2 522 574 560 744 843 366 307 397 341 321 259 227 188 143 302 580 260 111 174 173 176 177 182 148 140 98 89 87 79 78 87 84 77 77 75 81 83 85 74 80 67 67 72 99 146 150 182 77 126 139 234 1049 435 360 514 385 934 479 547 318 174 160 299 303 337 329 344 359 314 191 412 457 471 306 309 432 398 320 289 299 270 233 176 131 111 104
-40 -2 4 -40 -13 235 -13 -7 -5 516 920 636 452 1005 940 1089 222 733 737 392 484 372 180 395 264 272 191 225 208 215 223 163 199 204 545 299 161 130 117 114 91 82 85 82 78 79 76 72 73 84 93 93 69 75 82 79 97 65 396 306 523 343 729 955 1021 141 336 589 261 207 266 264 148 288 343 327 295 348 319 170 357 346 361 369 292 244 304 287 241 213 176 159 139 96 80 71
-41 -41 -47 -34 -2 71 -5 -11 -5 110 1129 820 651 711 1064 722 1297 495 830 660 1009 512 504 376 507 667 472 425 503 378 325 246 195 342 171 303 277 515 297 350 147 118 97 91 120 105 114 73 72 69 208 328 162 67 69 72 80 123 190 129 348 116 373 671 296 93 132 203 328 285 205 273 171 245 230 282 266 201 269 197 244 286 262 262 257 234 202 182 164 163 149 128 109 91 87 70
-40 -41 -48 -44 -31 -8 -10 -11 -12 13 80 1088 559 613 905 676 1105 701 546 826 677 886 745 382 743 970 515 871 542 614 723 382 481 289 440 261 210 307 375 581 374 127 128 250 210 186 164 134 105 105 134 277 236 243 142 81 79 107 244 145 581 461 543 560 341 411 122 61 121 320 275 218 223 126 225 145 229 194 211 146 203 229 226 189 205 192 176 162 141 133 122 109 103 91 81 72
-54 -56 -49 -59 -63 -53 -19 -9 14 -8 66 -10 1060 1224 611 727 791 1114 428 899 811 1498 1166 832 1204 818 499 889 963 851 1242 649 465 234 555 485 347 258 233 256 259 289 415 228 319 331 210 109 125 97 173 165 177 178 142 131 86 158 251 426 280 413 488 408 421 140 53 90 80 203 243 274 238 174 172 96 203 196 135 141 165 187 180 149 162 159 148 136 129 116 107 92 89 71 63 65
-67 -54 -60 -61 -63 -68 -66 -64 2 -9 -4 -8 22 7 865 818 666 971 1078 1203 1405 806 1302 1356 868 713 1102 758 1208 1490 788 1026 914 919 883 790 955 744 948 862 846 189 355 881 490 381 266 154 162 129 336 415 201 176 224 173 94 215 174 400 405 748 584 305 363 253 73 44 105 98 170 217 183 186 167 153 114 166 167 115 91 152 148 116 123 127 117 115 106 99 96 73 78 61 61 55
-67 -73 -66 -73 -67 -64 -66 -66 -67 2 10 -9 68 138 91 414 126 476 617 394 849 1155 1497 916 1213 1317 852 1030 843 861 704 498 610 517 1071 1120 703 770 1042 1267 420 685 496 291 853 1013 811 670 487 456 368 626 320 294 284 135 195 169 399 405 945 652 651 612 469 288 224 60 55 49 89 93 145 127 98 149 60 158 147 131 94 71 118 123 113 94 95 73 93 88 84 68 83 92 88 77
-70 -73 -68 -64 -73 -71 -63 -67 -64 -67 30 -9 -5 38 167 319 314 248 278 363 609 1639 702 1420 951 1345 1128 1322 823 1191 1082 1184 637 450 525 1297 1088 821 996 1124 1087 1169 1002 783 474 488 535 718 513 467 399 547 396 393 182 454 259 111 242 630 897 789 294 308 234 306 242 136 55 32 44 62 56 53 51 77 92 107 126 125 110 69 52 96 102 97 62 84 83 83 85 87 87 14 16 14
-73 -78 -76 -69 -62 -73 -67 -72 -71 -73 -83 4 0 -2 7 159 152 136 303 427 709 643 1316 707 875 1391 1123 1162 1573 998 1093 1463 1066 825 610 630 1160 1381 887 837 996 929 1336 1272 919 889 696 401 372 460 231 278 431 277 637 370 204 163 235 385 820 475 231 379 196 371 249 199 154 32 35 37 27 28 27 33 51 86 97 106 83 57 41 108 95 87 87 83 36 78 76 20 19 68 82 127
-61 -72 -76 -79 -71 -75 -74 -65 -90 -93 -94 -123 -113 -1 -8 -8 22 348 296 391 490 929 304 914 710 822 1116 1288 1482 1095 668 563 1204 891 1338 782 1326 1018 833 929 660 1022 725 498 964 864 753 619 377 416 644 264 196 285 571 391 330 205 163 282 602 751 697 395 411 609 313 244 240 118 154 63 156 76 135 85 28 27 23 34 30 24 31 25 29 24 19 83 57 58 28 65 97 144 155 218
-29 -50 -70 -79 -82 -83 -79 -86 -90 -96 -108 -118 -130 -204 -183 -36 -22 220 433 311 441 562 463 520 829 821 1001 1089 1302 1763 997 803 722 957 1348 1579 1162 1116 922 442 787 1132 676 753 702 1001 908 926 634 623 1179 691 621 592 256 159 161 148 409 170 502 672 892 527 307 579 606 501 277 238 207 174 119 145 127 113 73 157 156 127 34 163 62 151 216 54 22 113 58 32 145 182 148 237 238 255
-9 -28 -52 -69 -83 -86 -92 -92 -102 -117 -105 -138 -200 -211 -194 -214 -153 -41 35 2 -2 -8 442 419 430 729 664 712 990 1240 878 691 1445 636 714 1012 1215 859 884 984 1026 1252 660 1006 991 1101 1080 1133 897 859 778 763 805 1369 660 476 246 280 405 237 168 361 547 466 638 554 1202 792 508 724 352 237 108 186 187 166 143 158 155 104 159 77 165 192 89 101 131 177 60 122 71 219 286 273 305 372
-3 -15 -43 -66 -77 -87 -95 -95 -106 -119 -130 -170 -217 -194 -168 -147 -137 -129 -129 -29 2 243 182 45 -11 1448 400 327 288 281 437 649 1308 863 1314 838 1769 1146 1282 746 1600 1048 777 1295 917 952 1272 1089 1298 1518 1185 813 449 1535 1156 599 373 553 761 573 298 210 320 777 717 731 784 1197 1651 788 583 190 202 176 258 226 278 202 84 199 126 183 232 274 141 92 61 152 146 83 245 196 318 255 204 333
60 -8 -31 -66 -80 -86 -93 -105 -115 -134 -181 -193 -185 -165 -138 -135 -129 -116 -100 -95 -5 0 27 -13 -10 -11 614 660 73 204 234 206 774 994 880 1432 1198 1565 1880 1627 863 940 1299 923 1349 642 1402 1292 1182 1220 1010 746 829 978 873 680 648 464 334 362 265 309 456 1067 860 432 383 824 1136 1566 1007 397 327 908 341 455 434 294 266 281 221 335 347 185 370 385 342 114 104 86 49 270 173 252 319 433
321 3 -19 -67 -90 -93 -104 -120 -128 -141 -249 -241 -213 -153 -125 -111 -115 -106 -11 -4 -42 -35 -13 -11 -11 -10 -9 -9 132 58 -7 97 368 635 945 1191 856 1215 1583 1578 1867 1546 1660 1403 1263 1034 882 1271 1158 1132 877 720 1121 622 1054 1023 695 436 592 493 335 420 268 631 712 575 698 426 780 941 1125 1371 1013 747 353 527 313 474 282 261 348 410 470 342 395 288 421 371 278 257 255 183 178 397 498 488
248 81 -11 -57 -86 -107 -133 -151 -217 -187 -183 -206 -190 -173 -168 -147 -104 -94 -94 -171 -100 -108 -12 75 268 333 -4 364 -1 191 137 376 646 556 1071 625 1300 1274 1248 1161 1300 1134 1866 1728 836 983 663 1236 1514 1070 1063 900 770 781 966 1114 648 733 961 610 342 247 283 388 708 720 917 927 618 776 844 938 791 1197 1224 342 643 463 568 913 583 614 560 538 564 265 272 387 423 427 440 442 425 525 515 659
239 78 -6 -43 -81 -104 -161 -197 -210 -217 -203 -177 -168 -171 -162 -157 -148 -163 -162 -148 -123 -62 -96 -10 -16 -63 -78 -21 -12 -12 55 250 669 431 719 748 840 921 848 637 1197 1550 1265 1290 1520 1456 709 1376 1323 1691 1695 1283 675 789 588 609 573 689 751 444 602 598 897 402 1126 1498 803 812 1004 862 715 548 557 738 899 1226 1158 676 1069 967 967 992 852 841 609 617 828 621 645 679 661 638 728 1086 912 633
321 195 171 -13 -63 -92 -119 -156 -183 -202 -194 -165 -153 -128 -137 -140 -145 -160 -205 -210 -177 -97 -142 -161 -143 -100 -119 -132 -133 -107 -112 -114 -18 332 289 669 465 1018 1170 1037 1017 1491 1304 1296 1438 1133 893 1633 1600 1235 467 411 514 717 640 535 652 984 731 916 1001 619 606 457 956 1369 1088 1165 844 733 810 732 565 534 546 628 849 657 663 867 1213 737 478 1397 1333 947 754 473 1031 712 782 368 296 529 562 246
329 360 165 28 -24 -68 -100 -119 -151 -168 -169 -157 -148 -143 -136 -126 -133 -119 -175 -205 -200 -212 -162 -185 -165 -203 -222 -219 -242 -231 -218 -195 -175 -147 49 641 1103 826 747 838 764 167 452 1152 1722 1400 1187 1530 1861 877 498 417 536 618 601 545 592 912 810 537 538 603 494 1058 1431 1123 967 1038 834 812 1065 1025 1825 858 932 808 1020 525 909 696 825 795 676 387 366 707 554 498 334 302 629 598 223 199 242 141
1636 672 215 84 79 -15 -51 -83 -103 -121 -135 -139 -148 -148 -145 -133 -139 -135 -111 -56 -122 -162 -198 -225 -350 -574 -749 -828 -753 -735 -768 -741 -629 -460 -276 -141 38 0 569 867 362 83 75 336 1719 2075 1220 1352 867 483 416 331 534 499 815 620 588 746 495 547 433 586 742 1378 1200 1602 822 875 974 754 653 839 931 1235 914 971 646 545 672 469 478 304 282 230 283 392 397 476 423 317 159 135 128 322 173 149
661 754 262 196 263 114 -6 -31 -68 -81 -96 -111 -120 -120 -126 -112 -117 -136 -128 -128 -183 -157 -190 -243 -614 -598 -918 -1076 -1107 -1071 -1117 -1067 -991 -827 -639 -270 -166 -119 95 669 268 5 3 99 1646 737 1554 1268 651 808 681 472 397 390 930 1400 598 669 787 997 463 418 992 1132 1337 1056 878 613 456 613 530 577 1285 1348 1219 925 578 703 323 238 245 210 205 186 174 190 225 314 232 190 157 133 139 150 156 140
540 320 694 1902 328 124 151 52 -15 -35 -65 -86 -96 -92 -86 -93 -101 -106 -115 -120 -127 -137 -177 -208 -323 -704 -788 -966 -1067 -1097 -1065 -1070 -1068 -991 -814 -482 -158 -132 -103 -66 236 762 1 4 357 1113 619 650 1554 448 638 397 910 1268 1747 1856 754 597 1184 513 339 364 590 499 855 1560 1998 1465 802 838 453 1222 2148 2326 2427 2293 1577 1068 732 225 196 184 169 159 146 136 129 140 156 157 159 129 150 242 256 150
868 635 818 1794 832 643 282 183 81 35 -19 -29 -42 -43 -39 -33 -31 -42 -38 -52 -100 -118 -144 -230 -384 -714 -809 -883 -1001 -1068 -1034 -1059 -1159 -1060 -829 -637 -283 -171 -91 -61 -63 248 42 24 67 281 678 577 1074 1294 317 1005 1169 1793 1304 414 934 359 282 282 324 437 748 808 782 1201 996 693 852 952 329 784 1741 1796 1255 1280 1043 819 831 826 596 934 823 609 246 234 241 182 156 172 110 120 215 400 491 257
1678 1875 1398 1419 750 1082 829 464 417 40 151 112 -1 -7 23 -5 99 315 75 -19 -65 -91 -114 -170 -475 -681 -883 -973 -1038 -1061 -1030 -1181 -993 -974 -857 -636 -255 -147 -113 -95 -91 -63 -5 40 48 424 360 408 718 970 1053 1606 1787 1397 520 1330 683 718 493 278 466 630 375 618 344 314 419 796 887 1105 877 617 1173 859 884 1388 1505 1780 1685 1954 1086 1577 1056 1201 1286 681 686 506 271 213 202 227 72 152 263 388
1005 1544 1052 917 1039 953 723 764 310 586 207 73 96 40 568 897 695 648 271 -12 -47 -89 -103 -123 -387 -763 -891 -1077 -1130 -1081 -1130 -1136 -997 -894 -904 -816 -462 -270 -182 -127 -102 -88 -64 -39 -12 339 387 391 1341 852 643 2173 1608 1228 667 1401 537 2029 1577 1246 540 341 273 410 530 867 1358 1239 851 1178 1245 567 1353 2254 1252 1086 1520 1392 1592 1564 936 1533 1484 1544 1600 875 506 472 359 261 217 357 310 118 89 112
562 494 1259 513 475 1295 685 677 564 398 339 147 132 48 28 130 73 -6 -9 -21 -44 -71 -98 -117 -155 -419 -575 -1051 -1138 -1048 -1137 -1190 -1161 -1159 -970 -848 -727 -483 -342 -212 -139 -113 -57 -20 -3 37 805 253 537 852 723 1324 1930 1813 950 869 633 1044 662 1041 361 402 319 380 376 481 342 1002 982 1277 1018 251 570 1741 1750 650 916 1036 1226 1356 1251 1608 1657 1165 981 815 719 396 242 550 184 400 189 350 86 49
105 43 680 193 1155 829 485 779 631 771 409 295 181 89 52 24 -4 -5 -10 -21 -43 -73 -98 -114 -131 -185 -610 -804 -1039 -1128 -1123 -1134 -1139 -1190 -1127 -927 -740 -608 -358 -196 -126 -125 -61 -8 73 23 619 1086 430 1517 848 597 1886 1101 720 607 865 685 657 908 779 604 256 172 393 862 732 234 316 1107 1299 463 186 319 1092 891 554 616 1151 1130 1074 1055 1119 1015 875 676 830 336 436 308 561 444 427 256 110 161
570 242 361 135 179 242 521 660 488 921 576 743 290 243 96 54 44 24 7 -5 -19 -44 -80 -103 -117 -165 -513 -731 -973 -1103 -1103 -1136 -1172 -1132 -1095 -1096 -936 -629 -279 -204 -100 -98 -79 -2 54 134 159 597 1366 1450 1307 1715 1318 1278 1488 919 828 674 608 703 801 1058 382 782 570 475 256 676 1164 1340 938 1153 293 894 936 702 675 1128 505 597 611 699 970 1486 708 468 533 366 465 577 497 685 439 170 174 89
