tess3r/inst/extdata/lowResEurope.asc
NCOLS        382
NROWS        270
XLLCENTER    -11.89167
YLLCENTER    34.10833
CELLSIZE     0.1333333
NODATA_VALUE  -32768
[rows 129 to 171 of 270, columns 192 to 287 of 382]
82 102 127 47 2 4 26 42 46 32 39 16 19 24 51 55 67 68 50 59 69 64 53 84 77 100 93 108 106 101 108 124 99 78 83 75 89 87 86 83 66 91 98 102 100 130 125 136 120 103 98 100 95 143 123 94 103 114 119 116 105 94 98 99 104 118 117 132 144 135 143 155 159 156 159 180 167 175 170 180 161 158 163 167 167 164 154 154 147 151 149 150 148 154 158 159
55 69 67 32 54 42 8 9 14 40 44 54 65 53 65 65 87 91 102 94 98 93 81 73 99 99 118 110 112 117 116 99 87 99 106 78 95 83 94 84 86 72 87 76 57 102 116 129 122 118 123 101 97 108 101 96 102 92 86 98 100 114 125 144 130 123 131 142 184 170 152 184 174 175 154 156 153 179 170 152 162 162 152 152 150 148 152 145 141 147 158 158 154 152 147 154
40 48 55 57 62 81 46 50 94 102 128 119 168 89 55 65 65 88 83 102 87 87 90 88 70 84 97 110 119 112 110 117 101 104 96 83 90 99 114 119 135 128 121 94 112 93 64 57 105 97 104 67 70 79 79 77 86 98 98 111 122 136 115 153 156 163 134 138 138 159 182 170 154 171 173 149 145 153 151 158 145 144 155 146 144 144 143 140 140 139 141 148 149 140 143 147
45 35 60 89 51 52 72 38 44 92 114 121 117 98 114 66 74 79 70 101 88 75 82 86 80 72 85 94 100 97 93 92 96 96 84 79 102 129 110 120 121 121 123 114 102 91 100 98 81 72 75 76 80 91 101 82 98 107 123 151 182 171 140 165 157 150 172 171 147 174 136 130 134 164 141 149 159 141 144 144 143 141 140 147 146 147 154 159 146 144 144 134 141 134 134 133
44 63 64 59 53 67 119 41 49 111 73 82 90 75 93 102 65 55 69 111 81 69 63 78 88 69 76 67 76 83 80 91 82 91 106 101 128 91 108 113 130 124 101 100 100 95 82 88 82 89 90 90 91 97 100 103 87 103 127 152 166 149 139 157 155 167 155 170 172 159 152 147 145 133 128 138 137 136 139 137 140 141 145 146 144 145 144 146 146 151 143 156 150 141 130 129
61 48 64 49 60 74 97 92 49 47 42 93 102 58 56 54 63 63 60 58 68 103 80 83 78 85 115 102 96 94 89 91 100 104 123 155 110 86 100 115 116 111 115 109 112 117 112 104 107 112 122 151 150 148 127 116 104 89 148 146 136 140 191 168 172 163 157 152 147 143 141 138 137 149 136 134 145 140 149 146 142 143 143 142 143 144 147 140 139 135 137 137 135 133 133 132
62 57 50 53 75 65 79 54 54 107 81 86 85 103 86 103 75 70 63 73 118 107 84 106 118 105 122 125 141 136 147 112 111 124 127 130 140 129 118 140 140 144 177 186 174 173 190 188 168 137 165 193 179 170 130 130 123 92 133 119 178 171 178 170 158 160 168 154 145 146 145 143 148 151 146 142 163 161 156 148 151 148 146 148 146 146 142 142 142 144 137 137 135 136 140 146
100 80 75 66 65 74 64 75 88 83 97 110 110 152 97 77 65 72 96 92 80 91 90 99 96 116 114 120 142 161 149 139 131 103 123 136 140 113 120 144 146 159 164 196 223 217 210 184 176 154 165 172 171 150 150 128 115 103 98 140 170 181 179 171 158 154 147 150 152 159 151 150 154 160 146 159 159 160 156 158 163 151 151 154 154 145 145 144 151 142 143 152 153 147 143 144
109 119 126 125 123 98 139 141 129 146 163 139 102 134 144 139 138 172 144 76 81 90 123 100 99 98 119 129 145 134 131 160 125 121 126 164 159 136 137 168 174 181 199 210 201 185 186 205 180 174 157 147 130 132 138 139 149 115 127 104 116 145 143 164 144 127 131 171 136 146 152 153 164 178 157 160 160 162 167 154 157 152 162 155 153 162 157 156 157 154 151 151 158 156 152 171
95 105 105 111 110 116 107 135 133 133 144 133 139 135 148 155 150 156 203 152 96 93 133 87 90 95 112 179 125 127 138 143 205 131 138 177 173 163 180 138 188 190 196 200 224 198 178 176 183 176 183 159 166 153 149 143 132 163 155 163 128 110 130 172 168 151 154 145 166 157 162 169 178 173 172 172 160 172 160 162 181 163 164 159 179 191 166 160 164 162 161 161 160 154 172 164
167 131 141 158 131 131 139 143 159 168 172 176 173 181 167 177 147 154 161 117 118 101 113 165 158 125 126 203 209 211 171 243 201 165 163 165 170 168 161 162 160 184 219 226 205 185 187 209 197 180 216 300 195 165 164 188 178 175 169 156 156 164 119 193 193 191 198 200 165 165 167 173 176 183 193 173 178 175 212 184 184 171 167 166 161 167 162 186 186 201 185 166 166 183 165 157
156 195 265 264 202 195 163 189 176 217 187 222 224 211 254 211 182 169 132 115 127 105 107 108 111 135 140 142 156 193 168 173 193 169 171 180 183 189 167 182 197 186 205 264 221 210 230 239 225 219 230 267 332 231 227 198 175 175 170 168 148 122 158 220 212 231 205 205 177 168 169 178 218 182 170 172 175 184 188 181 202 198 177 175 176 175 172 165 190 172 173 166 167 165 161 153
111 257 261 308 346 431 393 288 312 259 213 281 234 371 259 270 255 300 214 182 160 151 154 129 120 123 117 131 138 155 154 165 189 181 198 215 210 190 217 199 210 200 223 222 232 257 201 248 247 228 243 305 294 284 254 255 231 215 192 183 164 200 213 192 213 219 196 249 244 232 187 187 206 221 188 175 172 186 181 185 179 178 180 181 191 179 195 171 172 178 174 171 175 178 179 175
319 192 184 218 337 463 430 375 356 256 301 383 407 411 387 418 539 587 351 241 211 196 167 147 141 133 132 127 134 174 159 152 171 185 202 220 256 222 239 247 226 233 233 211 244 221 206 231 229 264 257 260 390 359 283 301 217 189 197 177 183 144 220 195 234 221 244 278 260 239 248 181 236 217 242 195 209 177 194 192 197 203 209 189 185 185 185 175 190 201 198 195 179 202 179 174
616 536 444 477 411 333 478 483 451 324 418 828 921 925 687 444 502 598 483 421 375 235 287 198 177 156 146 153 153 147 144 159 178 190 227 275 252 249 287 283 271 252 285 233 248 218 233 265 254 283 235 249 272 263 287 385 387 272 240 194 201 137 161 206 236 284 274 294 208 209 193 205 274 217 248 217 191 193 188 206 201 215 229 231 223 208 189 184 206 202 201 187 179 189 203 189
656 348 273 238 610 378 253 272 327 406 427 579 456 499 706 1033 782 560 594 699 517 629 307 321 265 203 185 184 156 153 186 151 158 211 195 215 230 274 285 295 295 270 328 318 258 251 266 264 247 261 253 255 249 288 267 244 288 264 260 193 190 139 149 178 196 212 227 255 288 292 251 220 211 243 215 190 210 189 184 226 193 220 207 225 207 200 190 185 220 233 209 230 204 201 215 213
246 396 338 247 268 317 311 301 309 303 238 353 441 461 445 408 421 469 546 543 391 559 555 325 276 278 300 215 171 210 206 185 169 198 203 213 244 250 269 282 298 340 314 372 330 322 269 274 306 226 217 203 254 208 200 235 186 215 198 142 145 146 179 149 201 206 198 210 218 263 298 269 270 285 223 205 231 235 197 198 237 221 232 238 230 212 220 189 202 204 254 208 219 239 200 231
241 263 206 182 193 171 291 327 290 222 225 347 327 292 293 423 278 345 405 429 578 373 294 524 584 235 216 213 275 241 195 181 180 177 224 226 227 248 279 310 338 280 318 357 439 395 354 357 304 289 286 229 191 247 264 199 185 154 155 155 175 184 170 166 171 199 201 198 191 193 230 263 293 273 238 216 213 210 222 184 224 246 233 231 221 239 205 222 243 242 204 233 230 265 222 232
306 396 280 228 197 188 165 203 221 212 202 202 230 263 242 281 241 262 278 454 871 738 360 803 738 624 580 384 431 275 232 235 217 201 177 209 252 232 243 284 271 298 279 318 385 460 385 313 292 258 226 212 212 168 166 171 160 175 168 208 207 201 191 229 189 200 180 198 245 221 209 225 316 325 247 230 207 204 206 198 205 232 229 238 225 197 208 216 215 220 217 243 249 305 276 215
368 470 397 354 301 249 251 237 187 190 185 191 225 230 245 239 264 289 275 326 435 606 507 958 631 829 694 934 664 383 353 269 234 257 179 243 237 251 305 292 251 262 259 285 328 334 348 255 274 239 220 222 174 174 213 212 212 207 182 203 215 232 238 234 214 223 174 187 192 224 210 218 243 304 302 243 221 214 210 210 204 218 209 205 206 229 221 220 241 256 223 360 313 279 264 287
449 314 327 392 360 269 298 331 369 317 263 238 200 262 226 224 229 237 302 344 374 437 617 663 513 420 1197 697 585 535 369 301 285 216 190 239 263 276 260 254 248 236 236 218 272 258 210 234 206 212 206 196 201 211 192 238 236 192 367 314 292 241 211 337 242 213 218 208 180 185 208 229 240 251 374 342 371 259 257 234 225 226 225 251 226 233 266 344 347 301 320 311 289 278 287 288
450 448 289 372 522 303 380 361 374 360 411 420 290 284 453 480 333 325 465 319 492 540 369 418 273 421 584 689 697 504 414 341 351 312 232 240 223 252 262 251 280 292 327 294 332 292 314 326 265 300 330 323 283 257 444 238 287 260 262 326 258 376 363 309 339 416 349 263 224 185 189 240 240 268 292 325 290 357 255 253 227 227 222 230 260 359 366 342 373 353 316 326 271 256 282 251
590 568 580 422 457 366 412 382 459 362 346 459 507 464 519 460 562 652 705 555 558 507 371 473 280 247 234 439 571 569 552 466 356 254 267 293 336 306 331 694 517 510 639 531 406 525 513 360 625 469 450 418 305 353 379 337 313 254 234 248 253 447 292 362 332 372 348 301 237 250 243 233 237 278 268 281 277 321 337 255 237 260 429 404 376 355 388 341 326 356 355 356 332 327 324 308
618 550 525 481 379 488 499 609 488 502 481 470 584 474 459 486 624 703 667 607 651 479 450 493 463 293 254 226 514 619 495 298 272 309 451 376 650 591 681 617 838 502 545 966 1136 586 557 559 562 790 898 432 285 396 452 380 394 596 297 304 324 313 278 325 312 472 462 501 272 288 287 292 273 274 283 272 279 306 341 340 356 395 346 367 391 357 356 361 342 327 338 349 345 308 306 313
584 493 515 447 500 515 593 490 531 596 529 543 543 663 548 495 598 522 511 525 596 449 379 691 485 254 219 202 229 325 311 314 330 471 964 739 720 727 493 630 618 772 851 719 757 657 649 618 624 790 695 782 521 959 618 558 590 667 585 484 392 688 545 468 375 441 524 505 509 537 330 299 320 272 261 255 252 250 328 276 284 362 417 344 294 391 376 342 345 304 306 317 364 314 289 319
442 530 462 419 435 451 420 431 451 551 653 612 657 552 547 536 616 470 571 494 388 332 305 538 442 364 232 192 198 264 557 459 432 570 563 781 748 663 463 503 693 916 851 1035 619 796 858 863 821 851 644 849 690 648 621 654 472 457 368 309 440 511 702 521 538 587 445 596 551 638 604 526 378 338 299 308 276 264 255 239 275 303 287 268 354 371 372 346 337 321 308 313 310 380 307 315
598 569 463 425 444 411 447 418 450 505 507 588 695 576 684 643 435 422 410 477 376 280 225 354 253 350 387 299 293 206 300 317 624 573 573 550 366 460 341 453 958 886 589 690 958 1515 1357 1556 1579 1464 684 679 1117 725 609 895 837 449 209 381 322 442 448 674 761 784 774 617 608 660 673 556 566 765 442 331 304 339 277 256 295 225 228 256 345 315 387 359 353 326 257 326 319 308 338 343
812 675 537 510 408 417 508 450 431 480 557 690 533 482 497 494 446 493 365 363 262 254 187 207 340 348 456 289 178 295 275 431 415 693 412 362 379 480 992 394 530 889 512 568 578 733 834 851 865 707 701 803 887 833 961 454 385 287 356 364 318 375 260 473 501 561 892 724 1033 703 636 853 866 715 401 509 383 370 364 324 274 291 261 213 313 248 338 361 350 348 336 314 283 287 269 332
861 998 838 732 581 446 447 478 450 454 544 618 498 483 440 470 392 361 330 214 215 184 244 277 182 191 196 166 209 309 398 587 444 219 474 589 701 799 630 476 849 1091 823 1287 1640 1353 1113 1016 990 1115 800 484 505 410 550 603 388 361 806 143 131 177 222 389 433 345 330 516 595 822 680 831 750 714 1069 653 578 502 384 366 335 406 319 277 302 274 276 385 337 317 302 306 258 288 274 282
931 981 904 801 556 543 579 519 484 481 542 565 515 505 497 473 415 309 234 212 180 197 295 168 173 164 170 397 453 547 418 223 303 354 317 529 477 299 707 919 658 728 670 466 574 597 872 943 974 861 521 719 668 643 437 508 596 202 382 459 115 121 233 156 492 733 241 458 860 709 674 788 796 699 931 1118 760 648 643 477 489 330 305 276 291 282 305 224 341 282 305 280 256 272 203 229
823 637 992 734 851 779 648 835 813 625 661 585 578 550 351 429 322 242 252 195 188 223 245 168 154 165 249 196 276 411 340 170 521 314 188 221 247 756 748 522 840 480 628 1081 865 789 721 726 318 493 555 322 884 590 405 312 333 209 285 303 105 108 101 99 147 190 742 264 275 457 450 891 663 685 803 933 1402 1269 669 575 605 483 370 357 306 319 301 280 285 263 283 214 305 250 179 237
677 767 619 627 868 691 682 906 903 808 725 688 599 544 537 374 296 320 308 317 289 250 222 187 147 159 229 195 287 210 167 217 232 185 199 339 551 660 233 555 434 416 353 454 849 848 337 498 306 267 385 505 389 159 242 187 197 164 464 175 106 97 102 102 103 117 156 192 558 312 374 621 797 605 753 988 1124 1085 1588 1320 629 736 511 421 389 294 308 310 266 273 248 246 229 145 202 163
549 580 392 506 767 642 616 616 687 852 902 841 698 518 306 191 183 206 208 216 197 230 190 229 146 182 336 429 197 154 137 226 152 163 308 235 751 263 652 504 525 488 686 621 263 242 249 222 208 216 319 291 249 212 238 228 143 606 440 292 133 97 102 99 102 102 105 113 191 356 639 855 415 840 450 674 876 1130 1076 883 1485 956 844 523 532 369 321 265 248 198 231 276 350 238 232 232
408 439 309 265 303 301 336 405 434 509 594 647 471 490 365 225 218 223 223 396 162 155 157 154 139 223 402 194 140 137 123 154 209 132 178 182 201 193 350 314 279 466 463 250 223 199 323 267 174 208 147 175 143 177 154 122 130 267 118 94 93 93 98 101 107 102 105 108 111 135 125 201 311 266 474 833 769 876 1549 1240 754 837 1053 1032 642 654 336 403 353 304 292 364 220 188 165 215
462 431 323 343 312 312 281 315 286 323 231 252 274 283 323 376 428 440 376 329 202 154 150 142 144 178 132 125 120 115 113 112 112 126 141 191 157 143 161 196 411 214 220 201 221 207 481 263 365 225 282 360 279 124 111 152 102 97 95 103 93 94 97 116 115 105 108 110 113 120 221 176 164 254 309 496 574 947 798 1004 1359 1694 1265 668 947 573 736 601 480 427 351 387 396 231 177 230
427 432 432 377 402 386 563 397 410 613 553 459 657 539 475 600 640 457 632 240 184 173 164 168 175 131 128 122 118 114 111 109 111 112 115 209 159 128 150 280 246 181 187 238 276 232 245 278 184 297 508 463 359 191 100 90 95 94 95 101 100 104 110 134 136 107 107 112 113 123 170 280 346 234 213 299 273 412 499 1044 747 1003 1308 1010 677 763 1122 741 644 435 394 461 309 327 258 198
593 948 1022 444 481 936 562 818 885 967 787 990 1075 1042 899 706 726 593 480 276 224 377 131 110 120 132 120 119 116 112 109 107 106 107 129 149 169 112 128 322 257 220 251 275 204 227 641 642 516 236 159 195 145 100 93 90 90 88 96 113 111 116 136 144 140 109 109 114 115 125 126 138 149 268 769 905 517 486 745 747 1120 849 1336 1255 1109 1165 961 801 728 704 494 389 357 372 281 260
918 823 996 1150 625 1213 774 576 850 788 1023 1158 998 1245 1183 1203 1323 585 354 293 263 232 198 113 116 114 114 115 112 110 111 107 108 108 106 107 140 105 189 330 293 130 254 233 137 195 158 172 118 116 112 102 92 87 88 89 86 86 98 119 125 140 155 151 133 117 110 112 116 121 127 133 285 634 595 924 532 736 551 580 693 796 1004 1035 1323 1417 983 1089 922 840 765 462 345 398 408 268
1086 958 1409 1620 1713 1181 1032 1103 940 1534 1380 1705 1446 946 1313 962 1294 670 518 574 397 343 185 131 116 116 114 114 111 116 118 129 137 137 148 153 186 204 243 176 131 139 232 212 116 109 106 94 95 104 91 89 84 86 87 85 85 87 112 136 134 139 149 145 137 141 115 120 128 143 177 303 248 157 269 319 824 710 905 976 921 905 1250 921 1303 1180 1232 910 1164 752 793 623 425 379 375 258
1913 1441 723 802 1214 1768 848 1459 1453 1423 1383 1132 658 722 1390 836 1009 1217 678 572 429 268 222 184 151 130 124 118 124 134 237 191 199 241 189 254 196 156 146 196 127 135 189 203 148 109 103 87 86 87 83 87 86 86 84 84 85 87 101 105 114 122 130 122 107 120 143 173 153 228 392 214 162 249 347 573 366 414 730 1036 549 993 1286 1378 1377 1086 1353 1146 1350 840 816 788 559 401 336 436
1249 1721 1608 1686 1668 1258 1903 1435 1720 1212 670 1241 836 1290 1219 730 887 446 421 456 745 315 253 182 151 141 156 120 135 164 226 417 254 222 191 215 182 200 148 138 97 109 116 138 150 113 98 88 82 82 81 83 84 84 85 83 85 86 89 93 95 108 129 138 156 171 261 294 196 197 269 273 213 249 275 361 478 673 586 550 419 694 674 823 832 925 868 863 865 968 975 834 760 542 428 319
1745 2269 1495 1474 1176 1577 942 937 687 877 1651 887 590 912 530 426 411 331 363 335 305 300 203 185 157 146 128 151 188 310 378 456 358 258 198 108 154 112 136 97 94 95 103 125 131 121 91 88 82 81 78 82 83 82 80 82 84 87 89 90 95 100 103 132 185 207 335 202 256 251 245 336 237 382 445 430 361 422 331 270 327 538 470 619 952 1092 1361 1057 1458 1251 941 859 910 788 469 384
1137 1240 932 1351 1547 942 1576 1160 1790 1571 772 541 533 392 521 396 352 277 305 280 258 235 193 174 230 161 147 147 192 325 416 300 281 155 191 116 108 121 135 96 93 93 100 120 137 126 104 87 82 83 82 80 80 80 81 81 84 85 88 89 96 107 205 154 229 342 617 494 337 344 520 269 305 528 464 440 418 351 398 395 312 356 583 1033 1373 1287 1303 1329 1151 1432 1410 1004 704 1049 724 495
